Variable: 	 Min 	 Max 	 Prom 
Nueve: 	 -3027.310059 	 162915.531250 
Veinte: 	 -4627.714844 	 140793.546875 
